0 11
 0 16 11 0 0 0 0 0 0 0 0 0 11 0 0 0 0 0 7 0 0 0 0 0 
 0 0 3 7 4 0 7 0 0 0 0 0 5 0 0 0 0 0 0 0 0 0 0 0 
 0 6 0 0 9 0 0 0 0 0 0 0 0 0 0 0 0 0 0 4 0 0 0 0 
 0 0 0 0 0 7 0 0 4 0 0 0 0 4 0 0 0 0 0 0 0 0 0 0 
 0 0 0 6 0 8 5 0 0 0 0 0 0 0 0 0 0 0 0 0 3 0 0 0 
 0 0 0 0 0 0 6 10 10 0 0 0 0 0 0 0 0 0 0 0 0 0 0 0 
 0 0 0 0 0 0 0 5 9 0 0 0 0 0 0 0 0 0 0 0 0 0 6 0 
 0 0 0 0 0 3 0 0 3 9 9 0 0 0 0 0 5 0 0 0 0 0 0 0 
 0 0 0 0 0 0 0 4 0 6 3 0 0 0 0 0 0 0 0 0 0 0 0 0 
 0 0 0 0 0 0 0 0 0 0 0 12 0 0 0 0 0 0 0 0 0 0 0 0 
 0 0 0 0 0 0 0 0 0 5 0 19 0 0 0 0 0 0 0 0 0 0 0 5 
 0 0 0 0 0 0 0 0 0 0 0 0 0 0 0 0 0 0 0 0 0 0 0 0 
 0 7 0 3 0 0 0 0 0 0 0 0 0 7 0 0 0 0 0 0 0 0 0 0 
 0 0 0 0 0 0 0 0 0 7 0 0 0 0 5 0 0 0 0 0 0 0 0 0 
 0 0 0 0 0 5 0 0 0 0 0 0 0 0 0 7 0 0 0 0 0 0 0 0 
 0 0 0 0 0 0 0 8 0 0 0 0 0 0 0 0 6 0 0 0 0 0 0 0 
 0 0 0 0 0 0 0 0 0 2 0 8 0 0 0 0 0 7 0 0 0 0 0 0 
 0 0 0 0 0 0 0 0 0 0 0 10 0 0 0 0 0 0 0 0 0 0 0 0
 0 0 0 0 3 0 0 0 0 0 0 0 0 0 0 0 0 0 0 5 0 0 0 0 
 0 0 0 0 0 0 0 0 0 0 0 0 0 0 0 0 0 0 0 0 7 0 0 0 
 0 0 0 0 0 0 0 0 0 0 0 0 0 0 0 0 0 0 0 0 0 9 0 0 
 0 0 0 0 0 0 0 0 0 0 4 0 0 0 0 0 0 0 0 0 0 0 11 0 
 0 0 0 0 0 0 0 0 0 0 0 0 0 0 0 0 0 0 0 0 0 0 0 6 
 0 0 0 0 0 0 0 0 0 0 5 12 0 0 0 0 0 0 0 0 0 0 0 0


